1
0.983333333
0.966666667
0.95
0.933333333
0.916666667
0.9
0.883333333
0.866666667
0.85
0.833333333
0.816666667
0.8
0.783333333
0.766666667
0.75
0.733333333
0.716666667
0.7
0.683333333
0.666666667
0.65
0.633333333
0.616666667
0.6
0.583333333
0.566666667
0.55
0.533333333
0.516666667
0.5
0.483333333
0.466666667
0.45
0.433333333
0.416666667
0.4
0.383333333
0.366666667
0.35
0.333333333
0.316666667
0.3
0.283333333
0.266666667
0.25
0.233333333
0.216666667
0.2
0.183333333
0.166666667
0.15
0.133333333
0.116666667
0.1
0.083333333
0.066666667
0.05
0.033333333
0.016666667
0